42.41199, -71.142145
42.41199, -71.141694
42.412039, -71.141644
42.412064, -71.141624
42.412086, -71.141595
42.412103, -71.141561
42.41214, -71.141548
42.412172, -71.141528
42.412206, -71.141495
42.412238, -71.141465
42.412266, -71.141429
42.412303, -71.141384
42.412326, -71.141358
42.412352, -71.141341
42.412385, -71.14135
42.412424, -71.141322
42.412456, -71.141289
42.412477, -71.141258
42.412502, -71.141236
42.412526, -71.141206
42.412552, -71.141182
42.412571, -71.14115
42.412601, -71.141136
42.412636, -71.141129
42.412667, -71.141102
42.41269, -71.141067
42.412729, -71.141022
42.412758, -71.141003
42.412788, -71.140973
42.412816, -71.140944
42.412845, -71.140937
42.412875, -71.140926
42.412905, -71.140905
42.412932, -71.140876
42.412955, -71.140842
42.412974, -71.140808
42.412999, -71.140775
42.413019, -71.14074
42.413036, -71.140703
42.413058, -71.140673
42.413081, -71.140649
42.413112, -71.140631
42.413142, -71.140611
42.413178, -71.140592
42.413209, -71.140571
42.413243, -71.140545
42.413273, -71.140516
42.4133, -71.140491
42.413324, -71.140471
42.413374, -71.140478
42.41342, -71.140488
42.413436, -71.140453
42.413456, -71.140416
42.413477, -71.140382
42.4135, -71.140355
42.413527, -71.140329
42.413553, -71.140305
42.413596, -71.140252
42.413632, -71.140211
42.413657, -71.140175
42.413684, -71.140144
42.41371, -71.1401
42.413733, -71.140065
42.413751, -71.140029
42.413783, -71.14001
42.413807, -71.139977
42.413824, -71.139937
42.413847, -71.139913
42.413904, -71.139905
42.41393, -71.139893
42.413976, -71.139846
42.414002, -71.139815
42.414027, -71.139785
42.414071, -71.139738
42.414101, -71.139714
42.414127, -71.139694
42.414162, -71.139645
42.414184, -71.139618
42.414227, -71.139574
42.414269, -71.139536
42.414314, -71.139515
42.414354, -71.139496
42.414389, -71.13945
42.414428, -71.139392
42.414462, -71.139354
42.414506, -71.139312
42.414533, -71.139283
42.414556, -71.139256
42.414602, -71.139214
42.414628, -71.139193
42.414655, -71.139181
42.414687, -71.139168
42.414718, -71.139142
42.414751, -71.139116
42.414781, -71.139091
42.41483, -71.139073
42.414858, -71.139068
42.41489, -71.139053
42.414914, -71.139026
42.414956, -71.138992
42.414996, -71.138951
42.415035, -71.138905
42.415077, -71.138859
42.415099, -71.138829
42.415144, -71.138783
42.415175, -71.138748
42.4152, -71.138713
42.415221, -71.138687
42.415245, -71.13866
42.415268, -71.138632
42.415294, -71.138604
42.415325, -71.13857
42.415355, -71.138544
42.415403, -71.13853
42.415435, -71.138507
42.415472, -71.13848
42.415497, -71.138456
42.415535, -71.138434
42.415564, -71.138411
42.41559, -71.138381
42.415618, -71.138361
42.415673, -71.138333
42.415701, -71.138317
42.415729, -71.138306
42.415758, -71.138284
42.415789, -71.138236
42.415814, -71.138215
42.415841, -71.138191
42.415873, -71.138171
42.41591, -71.138152
42.415948, -71.138116
42.415986, -71.13808
42.416024, -71.138054
42.416057, -71.138029
42.41609, -71.138007
42.416122, -71.138004
42.416157, -71.138007
42.416188, -71.138018
42.416232, -71.138031
42.416245, -71.138099
42.416264, -71.138139
42.416286, -71.138182
42.41631, -71.138218
42.416336, -71.138248
42.416355, -71.138288
42.416379, -71.13834
42.416397, -71.138376
42.416421, -71.138422
42.416441, -71.138465
42.416447, -71.13852
42.416453, -71.138578
42.416479, -71.138645
42.416504, -71.138688
42.416522, -71.138718
42.416535, -71.138754
42.416549, -71.138805
42.416568, -71.138844
42.41658, -71.138898
42.416606, -71.138936
42.416633, -71.138971
42.416652, -71.139006
42.416676, -71.13904
42.4167, -71.139073
42.41672, -71.1391
42.416747, -71.139149
42.416766, -71.139185
42.416784, -71.13922
42.41681, -71.139257
42.416843, -71.139285
42.416861, -71.139319
42.41688, -71.139354
42.416898, -71.139387
42.416921, -71.139428
42.416946, -71.139463
42.416969, -71.139497
42.417, -71.139536
42.417027, -71.139584
42.417056, -71.139626
42.41708, -71.139664
42.417103, -71.139692
42.417134, -71.139729
42.417156, -71.13976
42.417196, -71.139807
42.417227, -71.139852
42.417259, -71.139908
42.417297, -71.139967
42.417322, -71.139995
42.417358, -71.140045
42.417386, -71.1401
42.417422, -71.14015
42.417463, -71.140195
42.417508, -71.14023
42.417542, -71.14027
42.417562, -71.140297
42.41758, -71.140326
42.417606, -71.140359
42.417627, -71.140387
42.417654, -71.140429
42.417679, -71.140466
42.417702, -71.140503
42.417726, -71.140541
42.417743, -71.140578
42.417769, -71.140612
42.417791, -71.140636
42.417816, -71.140678
42.417845, -71.140719
42.417875, -71.140754
42.417903, -71.140776
42.417928, -71.140796
42.41795, -71.140832
42.417992, -71.140865
42.418014, -71.140888
42.418036, -71.140922
42.418061, -71.140946
42.418092, -71.140984
42.418127, -71.141002
42.418175, -71.141045
42.418204, -71.141073
42.418232, -71.141094
42.418257, -71.141124
42.418284, -71.141161
42.418314, -71.141194
42.418346, -71.141213
42.418379, -71.141244
42.418416, -71.141242
42.418442, -71.141262
42.418473, -71.141292
42.418505, -71.141317
42.418538, -71.14135
42.418574, -71.141377
42.418606, -71.1414
42.418639, -71.141417
42.418665, -71.141439
42.418689, -71.141459
42.41874, -71.141493
42.418771, -71.141522
42.418809, -71.14154
42.418836, -71.141564
42.418872, -71.141587
42.418906, -71.141605
42.418935, -71.141621
42.418968, -71.141631
42.418997, -71.141642
42.41905, -71.141668
42.419079, -71.141686
42.419111, -71.141705
42.419145, -71.141729
42.419169, -71.14175
42.419216, -71.141773
42.419243, -71.141784
42.419295, -71.141802
42.419326, -71.141807
42.419359, -71.141816
42.419388, -71.141823
42.419422, -71.141859
42.419454, -71.141883
42.419485, -71.141913
42.419515, -71.141928
42.419542, -71.141957
42.419574, -71.141971
42.419601, -71.142
42.419632, -71.142017
42.419663, -71.142033
42.41969, -71.142044
42.41972, -71.142047
42.419748, -71.142055
42.41978, -71.142067
42.41981, -71.142082
42.419839, -71.142091
42.41987, -71.142102
42.419905, -71.142116
42.419928, -71.142149
42.41996, -71.142149
42.419995, -71.14215
42.420029, -71.142163
42.420067, -71.142165
42.420098, -71.142185
42.420128, -71.142185
42.420162, -71.142176
42.420194, -71.142185
42.420226, -71.142166
42.420254, -71.14215
42.420282, -71.142124
42.42031, -71.142094
42.420342, -71.142058
42.420369, -71.142031
42.420401, -71.141999
42.420431, -71.14197
42.420462, -71.141947
42.420512, -71.141923
42.420556, -71.141918
42.420591, -71.141909
42.420619, -71.1419
42.42065, -71.14189
42.420677, -71.141884
42.420726, -71.141886
42.420773, -71.141896
42.420814, -71.141902
42.420842, -71.141903
42.420874, -71.141907
42.420901, -71.141908
42.420945, -71.141889
42.420989, -71.141878
42.421022, -71.141891
42.421049, -71.141894
42.421092, -71.141899
42.421145, -71.1419
42.421198, -71.141903
42.421245, -71.141907
42.421278, -71.141912
42.421324, -71.141911
42.421386, -71.141901
42.421421, -71.141886
42.421454, -71.141872
42.421491, -71.141859
42.421523, -71.141857
42.42155, -71.141855
42.421578, -71.141855
42.421607, -71.141854
42.421637, -71.141848
42.421684, -71.141851
42.421712, -71.141856
42.421774, -71.14185
42.421801, -71.141842
42.421828, -71.141834
42.421855, -71.141822
42.421885, -71.141823
42.421943, -71.141814
42.421978, -71.141833
42.422009, -71.141843
42.422037, -71.141846
42.422068, -71.141848
42.422102, -71.141851
42.422134, -71.141856
42.422165, -71.14186
42.422197, -71.141877
42.422224, -71.141884
42.422261, -71.141901
42.422292, -71.141917
42.422324, -71.141931
42.422356, -71.141939
42.422384, -71.141943
42.422414, -71.141961
42.422442, -71.141979
42.42247, -71.142003
42.42252, -71.142012
42.422548, -71.142026
42.422574, -71.14204
42.422621, -71.142063
42.422678, -71.142086
42.422712, -71.142103
42.422742, -71.142122
42.422768, -71.142148
42.422793, -71.142175
42.422816, -71.142198
42.422868, -71.142227
42.422902, -71.142237
42.422935, -71.142246
42.422987, -71.142274
42.423025, -71.142292
42.423057, -71.142303
42.423106, -71.1423
42.423151, -71.142308
42.423178, -71.142317
42.423219, -71.142321
42.423269, -71.14233
42.423295, -71.142343
42.423323, -71.142359
42.42335, -71.142373
42.423402, -71.142411
42.423435, -71.14242
42.423477, -71.142449
42.423499, -71.142473
42.423537, -71.142526
42.423581, -71.14257
42.423601, -71.142594
42.423628, -71.14261
42.423658, -71.142627
42.423685, -71.142641
42.423715, -71.142679
42.423724, -71.142724
42.423761, -71.14277
42.423786, -71.142788
42.423817, -71.142823
42.42385, -71.142849
42.423879, -71.142868
42.423908, -71.142873
42.423935, -71.14289
42.423971, -71.142915
42.424002, -71.142935
42.424033, -71.142953
42.42406, -71.142968
42.424118, -71.142984
42.424153, -71.142982
42.424185, -71.142995
42.424211, -71.143006
42.42424, -71.143012
42.424269, -71.143016
42.424297, -71.143023
42.424328, -71.143026
42.424359, -71.143037
42.424388, -71.143052
42.424417, -71.14307
42.424448, -71.143086
42.424493, -71.143119
42.424551, -71.143131
42.424592, -71.143127
42.424629, -71.143123
42.424669, -71.143124
42.424705, -71.14313
42.424735, -71.143136
42.424766, -71.143138
42.424795, -71.143141
42.424825, -71.143151
42.424859, -71.143164
42.424894, -71.143178
42.424927, -71.143189
42.424963, -71.143203
42.425, -71.143212
42.425036, -71.143226
42.425077, -71.14324
42.425111, -71.143256
42.425142, -71.143274
42.425168, -71.143299
42.425196, -71.143323
42.425221, -71.143351
42.425248, -71.143382
42.42527, -71.143406
42.425293, -71.14343
42.425313, -71.143456
42.425333, -71.143488
42.425352, -71.143517
42.425374, -71.143548
42.4254, -71.14359
42.425421, -71.143626
42.425447, -71.143655
42.425466, -71.143691
42.425486, -71.143731
42.425511, -71.143764
42.425531, -71.143795
42.425557, -71.143826
42.425579, -71.143857
42.425605, -71.143894
42.425617, -71.143931
42.425648, -71.143991
42.425666, -71.144024
42.425686, -71.144053
42.425723, -71.144104
42.425743, -71.144135
42.425765, -71.144161
42.425793, -71.144191
42.425816, -71.14422
42.425842, -71.14425
42.425881, -71.14431
42.4259, -71.144343
42.425919, -71.144378
42.425949, -71.144444
42.425975, -71.144478
42.426001, -71.144512
42.426019, -71.144546
42.426038, -71.144576
42.426055, -71.144611
42.426077, -71.144643
42.426094, -71.144676
42.426118, -71.14472
42.426142, -71.144764
42.426165, -71.1448
42.42619, -71.144829
42.426211, -71.144854
42.426238, -71.144879
42.426265, -71.144908
42.426306, -71.144941
42.426346, -71.144975
42.426368, -71.144998
42.426395, -71.145008
42.426434, -71.145
42.426488, -71.145024
42.426521, -71.145043
42.426548, -71.145064
42.426572, -71.145087
42.4266, -71.145101
42.426638, -71.145133
42.426666, -71.145156
42.426696, -71.14518
42.426721, -71.145198
42.426752, -71.145216
42.426791, -71.145229
42.426822, -71.14525
42.426851, -71.145267
42.42688, -71.14528
42.426911, -71.145293
42.426936, -71.145311
42.426967, -71.14531
42.426998, -71.145316
42.427033, -71.145316
42.427067, -71.145316
42.4271, -71.145315
42.42714, -71.145317
42.427179, -71.145316
42.427215, -71.145317
42.42725, -71.145321
42.427286, -71.145319
42.427324, -71.14532
42.427358, -71.145321
42.42739, -71.145327
42.427424, -71.145327
42.427455, -71.145322
42.427488, -71.145317
42.427535, -71.145311
42.427576, -71.145301
42.427617, -71.145285
42.427653, -71.145273
42.427687, -71.145256
42.42772, -71.14524
42.427751, -71.145233
42.427779, -71.145236
42.427812, -71.145231
42.427848, -71.145188
42.42788, -71.145196
42.427912, -71.145199
42.427945, -71.145202
42.427976, -71.145197
42.428004, -71.145177
42.428028, -71.145156
42.42806, -71.145142
42.428107, -71.145116
42.428154, -71.14509
42.428203, -71.145081
42.428242, -71.145069
42.428292, -71.145051
42.428326, -71.145015
42.428371, -71.145017
42.428421, -71.145012
42.428473, -71.145001
42.428502, -71.144999
42.428531, -71.144994
42.428559, -71.14499
42.428592, -71.144984
42.428623, -71.144948
42.42865, -71.144944
42.428678, -71.14494
42.428728, -71.144941
42.428767, -71.144942
42.428791, -71.144961
42.42882, -71.144987
42.428847, -71.14504
42.428889, -71.145106
42.428913, -71.145135
42.42894, -71.145158
42.428972, -71.145173
42.429001, -71.145193
42.429031, -71.145193
42.429068, -71.145197
42.429104, -71.145195
42.429136, -71.1452
42.429189, -71.145209
42.429219, -71.14522
42.42925, -71.145237
42.429275, -71.145252
42.429317, -71.145273
42.429342, -71.145287
42.429369, -71.145308
42.429394, -71.145329
42.429415, -71.145358
42.429439, -71.14539
42.429468, -71.145416
42.429501, -71.145439
42.429532, -71.145459
42.429565, -71.145489
42.429593, -71.145521
42.42962, -71.145544
42.429662, -71.145568
42.429694, -71.145594
42.429733, -71.145619
42.42978, -71.14564
42.429826, -71.145659
42.429854, -71.145673
42.429893, -71.145669
42.429939, -71.145662
42.429992, -71.145668
42.430054, -71.145672
42.430086, -71.145683
42.430119, -71.145685
42.430153, -71.145694
42.43018, -71.145704
42.430218, -71.145727
42.430242, -71.145761
42.430282, -71.14581
42.430302, -71.145843
42.430332, -71.145904
42.430349, -71.145937
42.430366, -71.145972
42.430386, -71.14601
42.430415, -71.146081
42.43043, -71.146122
42.430445, -71.146164
42.430467, -71.146234
42.430476, -71.146271
42.430485, -71.146307
42.430497, -71.146344
42.430509, -71.14638
42.430527, -71.146423
42.430534, -71.146472
42.430537, -71.146519
42.430541, -71.146564
42.430555, -71.146612
42.430561, -71.146652
42.430567, -71.146696
42.430567, -71.146736
42.430576, -71.146782
42.430583, -71.146828
42.43058, -71.146867
42.430586, -71.146908
42.430599, -71.146957
42.430612, -71.147002
42.430625, -71.147046
42.430646, -71.147087
42.43066, -71.14712
42.43068, -71.147187
42.430697, -71.147226
42.430716, -71.147262
42.430733, -71.1473
42.430752, -71.147346
42.430771, -71.147386
42.430785, -71.147425
42.430799, -71.147469
42.430812, -71.147536
42.430783, -71.147565
42.430753, -71.147612
42.430727, -71.147646
42.430693, -71.147641
42.430673, -71.147594
42.430659, -71.147523
42.430664, -71.147449
42.43067, -71.147399
42.430678, -71.147342
42.430681, -71.147295
42.430668, -71.147262
42.430657, -71.147224
42.430648, -71.147182
42.43064, -71.147139
42.430642, -71.147063
42.430638, -71.147024
42.430631, -71.146963
42.430623, -71.146897
42.430608, -71.146827
42.430598, -71.146767
42.430583, -71.14669
42.430574, -71.146648
42.430567, -71.146608
42.430556, -71.146546
42.430549, -71.14648
42.430528, -71.14642
42.430518, -71.146382
42.430497, -71.146312
42.430494, -71.146275
42.430475, -71.146205
42.430469, -71.146167
42.43046, -71.146121
42.430448, -71.146074
42.430442, -71.146021
42.43043, -71.145977
42.43042, -71.14593
42.430412, -71.145878
42.430404, -71.14584
42.430394, -71.1458
42.430388, -71.145758
42.430379, -71.14571
42.430365, -71.145667
42.430348, -71.145622
42.430336, -71.145583
42.430321, -71.145547
42.430307, -71.145515
42.430294, -71.145482
42.430247, -71.145435
42.430195, -71.145396
42.430161, -71.14538
42.430137, -71.145299
42.430104, -71.145303
42.430074, -71.145301
42.430037, -71.145302
42.429999, -71.145313
42.42995, -71.145323
42.429909, -71.145328
42.429881, -71.145324
42.429849, -71.145331
42.429804, -71.145325
42.429761, -71.145304
42.429711, -71.145275
42.42968, -71.145266
42.429659, -71.14519
42.429626, -71.145185
42.42959, -71.145176
42.429562, -71.145174
42.429513, -71.145155
42.429492, -71.145124
42.429467, -71.145106
42.429441, -71.145092
42.429412, -71.145072
42.429384, -71.145055
42.429355, -71.145039
42.429326, -71.145019
42.429293, -71.145006
42.429263, -71.144989
42.42923, -71.144966
42.429201, -71.144951
42.429174, -71.14494
42.429147, -71.144907
42.429114, -71.144895
42.42908, -71.144886
42.429047, -71.144878
42.429014, -71.144875
42.428977, -71.144868
42.428937, -71.144842
42.428905, -71.144838
42.428872, -71.14483
42.428838, -71.144824
42.4288, -71.14482
42.428765, -71.144821
42.428728, -71.144808
42.428699, -71.144815
42.428662, -71.144821
42.428622, -71.144825
42.428591, -71.144826
42.428557, -71.144829
42.428522, -71.144836
42.428481, -71.144842
42.428447, -71.14485
42.428413, -71.144859
42.428378, -71.144866
42.428346, -71.14487
42.428299, -71.144874
42.428262, -71.144884
42.428231, -71.144896
42.428202, -71.144911
42.428171, -71.144925
42.428136, -71.144934
42.428105, -71.144941
42.428074, -71.144942
42.428041, -71.144948
42.428005, -71.144955
42.427976, -71.144963
42.427949, -71.14497
42.427919, -71.144971
42.427886, -71.144976
42.427858, -71.144981
42.427821, -71.144982
42.427786, -71.144984
42.42775, -71.144991
42.427717, -71.145012
42.427686, -71.145026
42.427656, -71.145051
42.427625, -71.145067
42.427589, -71.145088
42.427556, -71.145107
42.427518, -71.145125
42.427483, -71.14514
42.42745, -71.145148
42.427417, -71.145148
42.427387, -71.145146
42.427359, -71.145148
42.427329, -71.145156
42.427301, -71.145158
42.42725, -71.145169
42.42722, -71.14517
42.427172, -71.145179
42.427113, -71.145177
42.427085, -71.145169
42.427034, -71.145158
42.426989, -71.145142
42.426944, -71.145128
42.426895, -71.145121
42.42685, -71.145115
42.426816, -71.145102
42.426781, -71.145091
42.426753, -71.145087
42.426723, -71.145083
42.426688, -71.145077
42.426654, -71.145071
42.426624, -71.145063
42.426587, -71.145047
42.426557, -71.145029
42.426527, -71.145017
42.426494, -71.145007
42.426465, -71.144993
42.426433, -71.144982
42.426405, -71.144971
42.42637, -71.144961
42.426338, -71.14495
42.426303, -71.144939
42.426272, -71.144923
42.426237, -71.144908
42.426209, -71.144888
42.426179, -71.144866
42.426154, -71.144848
42.42611, -71.144813
42.426066, -71.14477
42.426037, -71.14472
42.426003, -71.144661
42.425981, -71.144625
42.425961, -71.14459
42.425945, -71.144554
42.425925, -71.144517
42.42591, -71.14448
42.425882, -71.144415
42.425862, -71.144373
42.425864, -71.144308
42.425845, -71.144273
42.425825, -71.144237
42.425807, -71.144202
42.425789, -71.144164
42.425769, -71.144126
42.425753, -71.14409
42.425734, -71.144052
42.425719, -71.144011
42.425704, -71.143957
42.42569, -71.143912
42.425675, -71.14387
42.425672, -71.143815
42.425654, -71.143771
42.425635, -71.143732
42.425619, -71.143696
42.425601, -71.143665
42.42558, -71.143631
42.425554, -71.143601
42.425532, -71.143571
42.425513, -71.143534
42.425497, -71.143497
42.425481, -71.143463
42.425465, -71.143432
42.425435, -71.143389
42.425414, -71.143362
42.425383, -71.143334
42.425358, -71.143315
42.42533, -71.143299
42.425302, -71.143263
42.425263, -71.143241
42.425224, -71.143215
42.425185, -71.143193
42.425142, -71.143178
42.425107, -71.143154
42.425074, -71.143132
42.425041, -71.143118
42.425008, -71.143098
42.424978, -71.143086
42.424938, -71.143082
42.4249, -71.143079
42.424863, -71.143073
42.424822, -71.143065
42.424785, -71.14306
42.424751, -71.143051
42.424708, -71.143049
42.424671, -71.143048
42.424635, -71.143038
42.424602, -71.143026
42.424563, -71.143023
42.424526, -71.143022
42.42449, -71.143021
42.424455, -71.143021
42.424423, -71.143026
42.424391, -71.143022
42.424362, -71.143025
42.424331, -71.14303
42.4243, -71.143033
42.424255, -71.14302
42.4242, -71.143003
42.424173, -71.142992
42.424142, -71.142976
42.424117, -71.142959
42.424083, -71.142941
42.424054, -71.14292
42.424008, -71.142882
42.423977, -71.14286
42.423944, -71.142836
42.423913, -71.142815
42.423895, -71.142779
42.423845, -71.142747
42.423813, -71.142731
42.423781, -71.142711
42.42374, -71.142687
42.423707, -71.142666
42.423673, -71.142642
42.423648, -71.142626
42.423617, -71.142614
42.423587, -71.142602
42.423554, -71.142587
42.423529, -71.142549
42.423493, -71.142526
42.42346, -71.142507
42.423405, -71.1425
42.423375, -71.142493
42.423345, -71.142483
42.423311, -71.142469
42.423281, -71.142455
42.423244, -71.142435
42.423221, -71.142393
42.423195, -71.142374
42.423172, -71.142349
42.423126, -71.142312
42.423103, -71.142292
42.423056, -71.142256
42.42303, -71.142225
42.423004, -71.142197
42.42295, -71.142162
42.422919, -71.142139
42.42289, -71.142131
42.422854, -71.142123
42.422817, -71.142114
42.422785, -71.142095
42.422749, -71.142071
42.422713, -71.142052
42.422674, -71.142036
42.422639, -71.14202
42.422613, -71.142009
42.422578, -71.141996
42.42255, -71.141982
42.422491, -71.141968
42.42246, -71.141962
42.422427, -71.141952
42.422397, -71.141949
42.422363, -71.141944
42.422334, -71.141919
42.422302, -71.141909
42.422273, -71.141906
42.422216, -71.141879
42.422181, -71.141877
42.422142, -71.141853
42.422098, -71.141853
42.422062, -71.141858
42.422028, -71.141858
42.421999, -71.141854
42.421965, -71.141856
42.42193, -71.141853
42.421901, -71.141853
42.421871, -71.141855
42.421838, -71.141856
42.421804, -71.141857
42.421767, -71.14186
42.421731, -71.14186
42.421695, -71.141863
42.421657, -71.141865
42.421626, -71.141864
42.421596, -71.14186
42.421541, -71.141862
42.421513, -71.141865
42.421483, -71.141867
42.421451, -71.141868
42.421421, -71.141873
42.421362, -71.141879
42.421334, -71.141884
42.421295, -71.141889
42.421254, -71.141898
42.421224, -71.141899
42.421189, -71.141908
42.42115, -71.141919
42.421113, -71.141918
42.421078, -71.141929
42.421039, -71.141927
42.421005, -71.141931
42.420976, -71.141947
42.420947, -71.141958
42.420908, -71.141934
42.420887, -71.141886
42.420872, -71.141853
42.420831, -71.14185
42.420778, -71.141816
42.42075, -71.141804
42.420721, -71.141801
42.420687, -71.1418
42.420643, -71.141785
42.420602, -71.141788
42.420572, -71.141792
42.420542, -71.141806
42.420515, -71.141828
42.420489, -71.141839
42.420464, -71.141859
42.42044, -71.141886
42.420414, -71.141915
42.420377, -71.141946
42.420323, -71.141954
42.420293, -71.141961
42.420259, -71.141968
42.42023, -71.141959
42.420176, -71.141957
42.420143, -71.141956
42.420091, -71.141965
42.420062, -71.141968
42.420017, -71.141959
42.419961, -71.141958
42.419926, -71.141954
42.419895, -71.141962
42.419868, -71.141951
42.419813, -71.141928
42.419781, -71.141911
42.419753, -71.141897
42.419723, -71.141882
42.419695, -71.141874
42.419663, -71.141863
42.419636, -71.141853
42.419608, -71.141839
42.419583, -71.141824
42.419546, -71.141815
42.419521, -71.141797
42.419493, -71.141783
42.419463, -71.141766
42.419416, -71.141743
42.419391, -71.141727
42.419367, -71.141705
42.419346, -71.141681
42.419319, -71.141659
42.419292, -71.141642
42.419251, -71.141607
42.419202, -71.141576
42.419152, -71.141552
42.419102, -71.141512
42.419069, -71.141496
42.419047, -71.141474
42.419021, -71.14146
42.418994, -71.141439
42.418957, -71.141414
42.418933, -71.141394
42.418907, -71.141379
42.418879, -71.141368
42.418862, -71.141337
42.418837, -71.141321
42.418811, -71.1413
42.418784, -71.141286
42.418757, -71.141271
42.418725, -71.141258
42.418695, -71.141239
42.418647, -71.141217
42.418602, -71.14118
42.418558, -71.14114
42.418528, -71.141131
42.418502, -71.141117
42.418475, -71.141096
42.41845, -71.141075
42.418427, -71.141054
42.418398, -71.141036
42.418372, -71.141019
42.418344, -71.141002
42.418315, -71.140973
42.418292, -71.140952
42.418267, -71.140928
42.418244, -71.1409
42.418216, -71.140881
42.41819, -71.140865
42.418165, -71.140847
42.418141, -71.140825
42.418118, -71.140797
42.418094, -71.140761
42.418058, -71.140734
42.418032, -71.140703
42.418014, -71.140671
42.417993, -71.140643
42.41797, -71.14061
42.417955, -71.140569
42.417915, -71.140505
42.417885, -71.140464
42.41786, -71.140432
42.417838, -71.140409
42.417806, -71.140352
42.417782, -71.140327
42.41775, -71.140302
42.417726, -71.140281
42.4177, -71.140254
42.417658, -71.140204
42.417637, -71.140176
42.417619, -71.140148
42.417602, -71.140118
42.417566, -71.140079
42.417565, -71.140038
42.417524, -71.140003
42.417499, -71.139981
42.417472, -71.139957
42.417444, -71.139937
42.417416, -71.139914
42.41739, -71.139893
42.417359, -71.139867
42.417329, -71.13984
42.417294, -71.139807
42.417266, -71.139758
42.417235, -71.139715
42.417205, -71.139675
42.417176, -71.139629
42.417146, -71.139593
42.417117, -71.139556
42.417095, -71.139522
42.417071, -71.13948
42.417043, -71.139447
42.417017, -71.139414
42.416993, -71.139383
42.416975, -71.139341
42.416951, -71.139303
42.416924, -71.139272
42.4169, -71.139243
42.416877, -71.139205
42.416857, -71.139168
42.416837, -71.139128
42.416816, -71.139085
42.416795, -71.139044
42.416773, -71.139005
42.416751, -71.138971
42.416727, -71.138935
42.41669, -71.138885
42.416672, -71.138853
42.416653, -71.138823
42.416647, -71.138773
42.416627, -71.138733
42.416609, -71.138698
42.416593, -71.138668
42.416574, -71.138637
42.41655, -71.13861
42.416532, -71.138563
42.416508, -71.138526
42.416483, -71.138489
42.416461, -71.138452
42.416437, -71.138419
42.416417, -71.138391
42.416395, -71.138358
42.41637, -71.138324
42.416347, -71.138291
42.416328, -71.138263
42.416309, -71.138235
42.416288, -71.1382
42.416267, -71.138167
42.416245, -71.138132
42.416222, -71.138094
42.416216, -71.138052
42.416202, -71.138018
42.416178, -71.137957
42.416147, -71.137911
42.416117, -71.137912
42.416085, -71.137913
42.416053, -71.137918
42.416025, -71.137929
42.415996, -71.137942
42.415964, -71.137956
42.415934, -71.137971
42.415901, -71.137999
42.415869, -71.138019
42.415839, -71.13804
42.415813, -71.138066
42.415788, -71.138091
42.415759, -71.138128
42.41573, -71.138147
42.415704, -71.138166
42.415674, -71.138189
42.415642, -71.13822
42.415611, -71.138241
42.415582, -71.138259
42.415551, -71.138287
42.415526, -71.138315
42.415485, -71.138367
42.415462, -71.138392
42.41544, -71.138421
42.415411, -71.138453
42.415382, -71.138483
42.415355, -71.13851
42.415325, -71.138529
42.415301, -71.138552
42.415278, -71.138583
42.41526, -71.138616
42.415238, -71.138641
42.415212, -71.138668
42.415186, -71.138679
42.415147, -71.138705
42.415067, -71.138777
42.415037, -71.138793
42.415004, -71.138809
42.414969, -71.138821
42.414935, -71.138841
42.4149, -71.138865
42.414867, -71.138888
42.414838, -71.138911
42.414811, -71.138926
42.414784, -71.13894
42.414756, -71.138964
42.41471, -71.139006
42.41468, -71.13903
42.414646, -71.139056
42.414616, -71.139087
42.414585, -71.139112
42.414553, -71.139144
42.414528, -71.139172
42.414505, -71.139196
42.414461, -71.139243
42.414436, -71.139269
42.414406, -71.139311
42.414385, -71.139337
42.414361, -71.139357
42.414335, -71.139377
42.41429, -71.139415
42.414254, -71.139453
42.414227, -71.139478
42.414203, -71.139504
42.414174, -71.13953
42.41415, -71.139554
42.414121, -71.139582
42.414098, -71.139605
42.414064, -71.139635
42.414035, -71.13966
42.413986, -71.139699
42.413962, -71.139721
42.41394, -71.139748
42.413896, -71.1398
42.413866, -71.13983
42.413837, -71.139856
42.413812, -71.139879
42.41378, -71.139903
42.413752, -71.139926
42.413716, -71.139957
42.413681, -71.139989
42.413647, -71.140019
42.413619, -71.140045
42.413588, -71.14007
42.41354, -71.140116
42.413514, -71.140142
42.413491, -71.140168
42.413453, -71.140209
42.413405, -71.140226
42.413361, -71.140249
42.413296, -71.140265
42.413263, -71.140283
42.413231, -71.140303
42.413209, -71.140331
42.413182, -71.140353
42.413153, -71.140373
42.413124, -71.140407
42.4131, -71.140428
42.413076, -71.140455
42.413053, -71.140481
42.413005, -71.140516
42.412958, -71.140551
42.412931, -71.140575
42.412903, -71.140595
42.412879, -71.140619
42.412853, -71.140644
42.412822, -71.140672
42.412793, -71.140703
42.412771, -71.140727
42.412727, -71.140757
42.412701, -71.140777
42.412673, -71.140798
42.412653, -71.140832
42.412625, -71.140854
42.412598, -71.14088
42.412576, -71.140903
42.412547, -71.140927
42.412517, -71.140952
42.412494, -71.140986
42.412467, -71.141001
42.412438, -71.141017
42.41241, -71.141037
42.412378, -71.141054
42.41235, -71.141071
42.412333, -71.141107
42.412303, -71.141151
42.412269, -71.141202
42.412245, -71.141225
42.412211, -71.141266
42.412182, -71.141286
42.412147, -71.141308
42.41212, -71.141326
42.412082, -71.141371
42.41206, -71.141394
42.412036, -71.141418
42.411997, -71.141477
42.411975, -71.141509
42.411962, -71.141553
42.41196, -71.1416
42.41197, -71.141651
42.411984, -71.141701
42.411995, -71.141747